334

164
316
325
13
216
350
163
456
315
195
362
147
104
212
216
82
71
125
458
429
10
448
13
87
211
270
273
359
296
114
149
312
282
474
177
350
324
193
306
491
388
20
490
344
232
58
426
304
184
384
233
194
332
246
134
395
368
407
254
16
373
403
329
7
229
6
357
405
51
163
248
439
35
239
135
268
149
62
424
333
298
157
380
483
255
14
378
475
421
133
491
146
388
172
153
470
31
362
375
82
377
124
374
412
215
9
180
364
423
104
50
222
113
430
57
220
444
435
195
217
420
39
363
309
211
368
131
94
230
6
177
107
482
51
371
49
412
52
266
336
8
316
410
122
246
467
194
42
402
242
259
175
281
474
484
344
342
115
439
72
473
468
31
308
19
254
357
283
306
475
119
167
291
29
141
389
348
335
431
103
77
190
278
210
164
114
55
358
81
346
282
54
314
165
214
185
420
424
468
226
399
440
393
191
321
34
80
170
222
12
273
299
54
51
10
71
165
417
429
246
115
64
152
429
229
367
466
149
291
286
228
190
226
473
233
48
360
314
70
82
178
343
233
84
246
95
7
411
12
289
9
127
353
13
408
82
380
226
84
23
13
312
66
239
285
299
139
145
465
209
79
495
404
313
80
2
408
439
413
273
228
274
252
433
288
13
368
20
239
452
44
252
116
462
344
401
261
335
399
227
397
330
74
301
143
6
304
404
446
69
29
26
196
133
460
484
146
180
356
386
132
252
490
100
214
334
1
328
22
252
55
419
83
481
